0,7,none
1,15,0
2,26,none
3,20,0
4,14,2
5,23,none
6,25,0
7,17,0
8,20,none
9,27,2
10,25,0
11,7,8:6
12,23,none
13,14,10:5
14,5,8
15,6,none
16,28,none
17,13,10:16
18,14,9
19,8,none
20,5,13
21,20,15
22,26,12
23,10,none
24,18,20
25,29,none
26,17,none
27,23,13
28,27,9
29,16,none
30,14,20:21
31,10,none
32,10,26
33,6,10
34,15,2:4:5
35,29,none
36,8,24:3:15
37,28,14
38,15,21:29
39,14,21
40,16,none
41,5,29:19:1
42,17,23:20
43,23,3:31
44,5,38:2
45,9,15:35
46,28,11:12:10
47,20,none
48,12,6:0:10
49,8,none
50,8,38:26:27
51,27,17:4:50
52,8,37
53,19,none
54,22,none
55,23,none
56,22,21
57,30,none
58,12,none
59,19,23:41
60,23,none
61,22,none
62,28,0
63,11,none
64,14,none
65,16,9
66,18,48
67,20,none
68,15,none
69,22,none
70,10,4
71,21,13
72,8,none
73,12,none
74,30,50:31
75,24,32
76,19,35:18:56
77,26,30:42
78,19,55:60
79,18,75
80,17,0:66
81,9,none
82,9,66:19:64
83,22,67:55
84,30,none
85,8,8:35
86,13,37:8
87,9,43
88,7,75
89,16,none
90,23,72:40
91,10,6
92,9,none
93,12,none
94,26,none
95,20,40:89
96,5,21:73
97,25,61
98,18,none
99,11,28:1
100,25,none
101,25,none
102,13,22:70
103,25,none
